Update loop #0
Update loop #1
Update loop #2
Update loop #3
Update loop #4
Update loop #5
Update loop #6
Update loop #7
Update loop #8
CLUSTER-0 {size: 4, medoid: (null)}
CLUSTER-1 {size: 19, medoid: (null)}
CLUSTER-2 {size: 7, medoid: (null)}
CLUSTER-3 {size: 6, medoid: (null)}
CLUSTER-4 {size: 19, medoid: (null)}
CLUSTER-5 {size: 24, medoid: (null)}
CLUSTER-6 {size: 15, medoid: (null)}
CLUSTER-7 {size: 42, medoid: (null)}
CLUSTER-8 {size: 6, medoid: (null)}
CLUSTER-9 {size: 62, medoid: (null)}
CLUSTER-10 {size: 24, medoid: (null)}
CLUSTER-11 {size: 12, medoid: (null)}
CLUSTER-12 {size: 9, medoid: (null)}
CLUSTER-13 {size: 1, medoid: (null)}
CLUSTER-14 {size: 16, medoid: (null)}
CLUSTER-15 {size: 18, medoid: (null)}
CLUSTER-16 {size: 4, medoid: (null)}
CLUSTER-17 {size: 13, medoid: (null)}
CLUSTER-18 {size: 6, medoid: (null)}
Silhouette: [0.539229,0.110780,0.339927,0.356557,0.250628,0.113301,0.186547,0.052679,0.232737,0.144782,0.138667,0.215427,0.306848,0.979902,0.278384,0.191867,0.419416,0.325830,0.245295,0.190251]
19
0.190251
306 145 156 157 307
51 44 1 0 45 280 31 281 30 9 128 13 93 92 14 15 113 112 36 12
213 149 85 76 77 78 148 79
308 309 219 131 124 311 310
284 285 184 193 192 200 245 185 255 254 224 225 201 233 232 215 214 222 223 244
104 257 256 105 299 298 180 204 205 164 166 175 80 167 27 28 143 231 230 165 313 142 226 29 312
3 2 155 292 132 117 6 7 4 176 177 5 116 133 154 293
16 263 262 235 294 295 21 129 234 8 68 69 18 19 172 141 140 160 194 210 20 121 173 109 303 253 302 252 17 82 83 22 144 196 197 161 23 150 151 107 108 106 120
195 228 32 314 33 84 315
282 110 251 123 122 238 240 103 199 72 102 202 136 137 239 259 246 247 70 227 248 243 71 73 187 186 168 169 242 241 26 174 81 198 207 206 190 191 188 189 203 181 182 183 111 96 97 305 304 67 283 272 66 75 91 90 249 74 279 278 273 250 258
323 24 25 42 126 52 53 127 316 55 100 54 46 47 58 300 301 57 56 59 60 61 322 125 317
221 119 152 11 10 153 216 99 98 86 87 220 118
38 318 39 159 229 95 158 130 94 319
321 320
289 171 170 135 134 208 212 288 265 264 296 297 138 139 261 260 209
49 146 48 40 179 211 35 34 178 41 63 62 89 236 237 65 64 88 147
286 114 217 115 287
267 271 269 266 268 274 290 291 275 276 325 277 270 324
218 163 101 37 50 43 162
