Update loop #0
Update loop #1
Update loop #2
Update loop #3
CLUSTER-0 {size: 149, medoid: (null)}
CLUSTER-1 {size: 67, medoid: (null)}
CLUSTER-2 {size: 107, medoid: (null)}
Silhouette: [0.201623,0.293911,0.020901,0.161002]
3
0.161002
317 316 106 105 159 100 221 88 220 30 311 123 75 74 14 15 73 72 71 70 67 66 63 62 310 81 26 27 28 29 80 104 257 93 256 251 92 250 249 305 57 56 248 273 52 304 299 47 180 181 182 183 175 247 189 190 174 194 195 246 197 202 203 199 298 206 207 198 31 169 168 107 167 166 110 111 272 124 165 164 41 16 237 46 122 125 186 236 187 191 130 108 136 137 143 144 114 115 120 283 282 218 219 226 227 279 278 230 231 238 239 240 241 242 243 258 259 17 103 121 55 132 308 309 312 313 133 155 154 94 142 95 102 162 163 113 112 53 54 89 147 146 145 131 158 252 253 5 4 188
139 138 135 214 98 222 223 277 224 225 86 185 297 245 2 3 291 290 193 285 276 184 171 170 99 284 176 324 255 192 201 216 217 200 325 264 265 266 267 268 269 270 271 274 275 116 20 117 233 232 119 118 109 244 21 215 141 140 261 87 260 134 177 68 69 211 210 254
90 37 58 59 6 61 314 315 288 289 84 322 50 294 295 43 42 83 205 178 101 281 9 8 293 292 91 306 36 33 32 307 24 318 319 301 1 0 25 82 179 48 229 228 78 300 51 151 150 13 60 160 161 149 296 208 22 148 263 34 19 18 127 76 77 152 153 79 49 12 286 287 85 23 39 213 280 64 212 129 128 96 97 35 209 7 302 303 65 234 235 45 44 156 40 172 38 11 173 204 10 196 323 126 320 321 157 262
